85
58
48
91
79
99
42
51
33
97
75
77
98
13
5
68
31
88
78
90
79
66
47
74
49
46
22
63
48
7
43
74
67
3
89
76
66
20
82
16
91
61
2
57
25
4
92
88
98
92
58
68
16
81
66
7
58
27
99
91
65
50
51
89
39
32
83
30
69
82
48
65
65
33
63
77
23
96
50
58
97
92
54
7
92
4
93
27
19
69
41
29
57
80
33
67
61
35
83
50
75
63
51
61
49
40
48
80
95
91
27
100
81
58
32
98
77
34
45
69
63
41
70
30
77
3
34
64
90
18
16
84
36
25
74
40
1
60
78
55
34
53
50
60
92
7
93
67
64
83
14
86
95
14
58
3
79
96
4
62
33
63
58
5
95
33
15
81
54
10
6
35
33
70
11
34
15
23
97
36
91
56
92
66
66
76
17
21
93
92
4
98
90
39
81
99
59
69
61
44
70
89
95
81
94
65
1
55
55
54
99
42
67
95
70
53
38
43
68
81
40
98
83
88
85
93
23
86
89
57
23
37
78
61
22
53
67
51
35
37
45
12
100
95
61
60
98
17
74
100
75
66
90
71
21
23
85
69
73
98
81
21
75
52
19
84
86
27
56
25
93
4
48
17
7
63
97
81
64
72
69
44
14
76
48
63
70
4
23
58
2
54
44
98
4
3
78
58
39
88
23
59
9
79
4
13
64
58
77
71
95
60
29
70
45
7
62
27
41
78
78
42
19
35
87
58
60
32
99
24
5
3
66
19
91
49
29
39
84
50
24
41
52
87
48
45
20
95
3
100
49
76
66
47
76
41
58
2
20
90
58
23
28
47
45
4
79
97
64
66
25
4
34
85
50
82
68
66
98
55
82
81
24
64
12
56
20
9
50
6
83
21
27
3
3
68
41
86
69
40
68
98
55
10
45
60
77
3
36
74
60
6
49
69
33
39
94
7
59
55
5
98
64
65
70
11
63
63
16
12
21
5
43
82
72
52
20
97
84
79
93
76
78
70
74
20
62
57
75
9
79
61
87
50
98
26
29
95
89
96
84
99
22
92
17
68
75
98
1
28
18
45
31
1
4
14
48
3
15
55
25
7
89
11
24
17
83
72
23
43
98
95
21
94
70
70
1
68
71
98
11
52
75
26
51
11
44
85
64
4
90
7
97
69
41
86
19
3
25
17
9
77
82
66
40
77
95
38
56
89
31
5
75
37
53
97
86
64
58
67
75
33
38
21
65
86
57
48
12
33
75
17
39
71
38
22
77
24
19
38
78
61
87
32
44
27
68
47
53
73
96
83
70
25
46
42
19
34
89
81
21
67
27
2
48
87
12
23
68
94
28
88
9
4
77
97
99
81
55
76
20
17
31
6
81
80
35
84
47
37
61
20
87
100
22
98
33
54
68
22
26
88
47
84
52
82
7
63
29
63
89
3
59
65
24
83
31
72
24
56
14
29
57
28
79
55
51
73
68
13
82
100
42
40
97
33
27
96
21
31
57
47
45
21
49
100
31
83
32
77
50
14
96
36
19
26
89
48
11
21
6
73
46
52
43
6
77
90
93
12
62
20
67
9
67
97
90
29
50
80
68
57
88
6
14
30
5
41
89
4
69
53
87
5
21
8
67
2
25
10
81
2
3
98
27
84
86
32
86
28
55
57
5
33
51
27
15
5
1
90
71
61
89
95
56
48
24
85
32
50
51
46
32
40
19
33
12
98
64
34
37
30
65
93
36
64
88
49
86
39
35
66
83
30
54
98
93
80
33
97
48
17
57
58
63
49
51
59
80
49
28
97
62
60
49
69
58
27
1
83
84
79
22
1
54
42
85
47
78
76
43
14
52
39
23
22
100
82
89
62
87
73
15
72
79
89
38
51
36
14
38
22
53
71
84
41
56
33
37
20
76
60
46
63
77
53
7
73
59
23
88
60
46
28
69
94
60
11
71
85
82
6
61
61
83
11
72
7
52
45
61
57
88
11
60
19
62
98
99
80
24
88
44
45
55
92
58
7
9
24
9
69
28
48
42
40
43
83
90
58
95
91
93
50
13
13
80
65
30
1
52
70
31
96
39
24
37
96
10
56
38
7
22
11
97
77
3
27
2
35
53
86
36
38
32
7
54
78
95
38
3
51
81
28
21
91
35
20
86
41
100
49
68
31
68
47
90
3
96
97
72
12
94
95
18
37
11
96
68
73
72
58
7
59
20
17
92
14
53
22
60
3
18
32
84
77
71
44
60
44
28
42
46
91
22
75
62
62
98
66
